89682734134
91674565453
62064517120
09692380106
93492839134
21739951115
40175790515
91406943134
87854791104
00125616309
18576036134
86166999968
00256416117
60219831149
91207770604
41045580104
98489089191
24008648100
46214585153
00266534198
57947589100
11112846107
73894788372
01213931193
34158286115
00865812101
03916546163
24550116153
06137909360
91935890182
69891230104
01245847643
72734345153
40049906100
00905641116
19657862353
57308071120
04392290140
07435471100
95009396149
04075051137
66453470578
72628740125
47307552191
05817436108
72677392100
07041943178
07776557137
94247676172
60441949304
05186209139
02542520100
00974026301
98903918134
23741716200
66662761168
57825572149
92440681172
00148010199
02759257142
60660465191
45351163349
70336644191
81660065100
31668909120
00430233124
61154873153
00224212117
31475710178
00176795162
76684849734
02158514124
88492583134
89907566187
04156678105
70804369151
48981761353
88303500104
03434189165
94453365187
72412860149
27612767104
53861809168
05504905150
00498501132
45993300787
01466832185
81089490178
35866217104
09798340159
03453028180
61106713397
65711432320
26655233100
22741860149
96031310163
60282376399
72638893153
09653293648
76205185768
98669753391
33471398104
77076605104
32970846187
83000151168
01965865186
10192050168
14497263134
01641918101
00586699147
55403956115
94790760120
03455851193
48254215391
11899182187
38142937115
72548134172
22942394315
26052849134
04221355182
58502181149
61097659100
84383801153
01897247141
06719015320
28724240168
56442157172
69824924191
48444081191
01015921329
00506293106
51295148153
55397042153
49740482791
49781634120
00713444118
97759813104
71704582172
25880381153
47045949120
84644125172
01871289106
04529423140
13191144315
45311242604
58325433515
82583374168
38174065172
05636472137
00547842120
95805885115
02599706114
77203330125
93065930153
03325909175
85418625187
58510443149
70591679191
04022924136
80392563134
34255915334
80322131120
04204963196
50553844172
00622529170
78703549100
75474077149
86493892104
04300037140
32416113372
80382673115
54662613191
14469111104
03427281132
02133799109
38615860106
00810429144
44442920168
35237686249
46125914100
55367658172
97754102153
70173702104
94133131134
02265759180
62339745500
31717187153
66949254172
01556234198
84587237353
04064346114
07740506168
22470794153
72257806115
69661073104
38118742172
69661073104
00257318151
82450765115
21449058191
56430604187
98305832104
97216356187
24801461115
57988285220
03382559234
00862254132
39719693304
60303816104
36674842168
70574243100
01347609130
41587006634
15001504104
46128735134
33374716172
98900773100
21212821149
93798130159
55967434100
60325399115
61008176168
61086975120
00977649148
94208514191
02459089350
48414476104
72579285172
03931603199
03403255182
02486987100
02456180151
30291364187
05160028137
67102930410
78356636191
68963807134
58431098104
70203083172
66496756104
35863803134
69471967104
33406103120
02845777159
02252272155
10220119104
86600095172
72380047120
22814728172
48216526334
87568411168
09607544315
55488633634
02759228126
70955638100
35787767187
29715717187
02360456105
28364902091
95260951115
92103316134
30862400163
88412938100
85076368100
92136389149
45505098487
46264493104
96543620153
66500990153
88181561104
85258431134
00352099178
81776624149
93497474134
44492626700
63479486134
03383258750
09381740100
05121395639
01755273185
33132194549
24434248120
21492476153
94359270178
61151238104
34267948100
15585042491
08428956120
26650274100
04634852110
24885665434
82418764168
29373060805
72410817300
56497180168
02755338164
22279911191
52708241320
56327714153
00170862135
37622323500
40141717874
34817719168
11425032168
64764591120
46163816153
77475704149
61001007115
60174218168
79106749100
51005425604
29287510172
38148340110
73307017187
03168235113
03372462114
00322523150
70838674372
84490721153
84912316172
49071777120
01815673346
04523301140
61918946191
69073317134
70998078115
25432397668
03301402135
00539699101
88176380130
76960471168
14027488172
66603510197
37171194191
00817766162
85602485104
37296671149
03660727148
00618468137
72142200168
91158184115
70817545115
00286049112
84428252153
57899355249
37619039104
70120248107
21350841315
03398104169
00316957100
82270040163
53845358149
56346883100
79854290182
35147270159
35006501391
69388660153
79852998153
77191765372
00294256113
06027007877
00255724748
42861527153
04238871146
63467062172
02443596109
02061186190
18503756153
00466067186
98772449187
83597379168
01367260116
24930922879
31174329149
71460241134
63615487168
69668191153
15179605172
02959672186
72351640187
88560341153
39935515168
48476013191
78871824172
94465720106
03398104169
92387829115
76958159187
13828600727
00038663198
76860051191
61251640125
66665159191
01781621160
64764346168
00820813109
05224256151
14027488172
78532566391
00237299100
82527024300
09802045187
06819079168
88678717149
01031002103
22249800197
03108423100
62038451168
89700635104
02350769100
47138211104
01591080126
28035716840
63610922168
39914526187
02058161858
51624079172
41619382172
83607544115
37403370104
11624337104
41781880115
49878786587
01014399114
04175918108
78351480134
07151262612
01532587562
01702089150
42714974449
61944661115
66516897115
84383801153
83126988172
71738070182
36359297272
07536657609
03340230170
87492989172
29683971172
06243465101
58379428153
04985438111
41721411100
90952944120
18587712187
72382660163
18254039100
73498564153
57911088187
15429946168
03227366177
00946589194
01214164102
03299107100
04631868180
79046320120
18330703134
22048219187
00079734111
00076396193
06629600681
92767508191
89079892572
82307792104
45337764691
27361500315
64600262204
30862620104
72306645191
71001662172
04337076158
97359998115
02372479172
61145459153
92376452104
00711070105
04497326144
45713294153
45232962353
01307286160
77195329372
00471108138
01819742156
31469868172
08944765804
71469710153
00394210158
12000035191
30649153391
39935299104
48395030100
44332726120
62314629191
11699477191
22368469168
25540092520
01253025177
32997345120
00266440100
09677500163
48837563191
78021332115
23362626149
66652391104
35188839172
22150064120
22150064120
22139664191
30707587620
60662530187
51295601168
81675240191
79837000163
35191325168
80669719153
68301219491
94494959120
39806189191
61143758153
53824148153
69253986468
01691061107
59895012187
83710248191
00559479131
86924460178
62311298100
00383558174
26680971187
72070951120
41083199153
28692799300
06646310378
44409508172
05039083637
94624046404
29762758153
58484060144
90083563172
58528547191
86262742620
73231630304
09202501149
09886168153
77422678100
04513925159
30985420120
60611510120
85175390104
83559094100
55296610172
40997731320
70924139153
69618402134
21940827604
72129603149
44447612100
01171234120
86522051168
01228394121
01487427182
01722959126
46056246604
70700419187
62040731172
60712333134
72918977187
75906791191
27929060144
76279820149
22807608272
33757003772
16487648272
38186403191
01943544158
72184728187
22564071104
66499283134
08353387115
82904618104
57941440172
10254706134
61015466168
09745203149
08512337168
06811272104
18498698120
61167720130
80806570172
78055903115
29635039387
82105197191
72350660168
06332397802
17028353168
35195754187
31538347334
04638450130
27070298153
52965015191
55314252104
21822832420
69329265120
58523928120
87797909334
06571091690
01055131132
35813407120
55262511368
58665773134
01480179167
22594205320
16579380349
42868629172
03321215187
12032913100
22048219187
64729150163
22176110463
66663172115
30870100149
55343252168
02764761155
64612597168
02920368176
41054580197
46759468104
71689311134
85914975115
34510915187
69762910168
02453225154
70515441104
98125176187
45516782104
55396755172
85545660178
79440630353
99118904572
17928583100
63523930120
58430520104
00888011105
70955638100
25205170425
90659708191
49322788100
03384146140
36406767500
49995634104
22154426115
77864174604
14692201568
55295282104
34504729172
69934819104
58664734100
99446758149
52345033134
48392995104
42871344191
49525875334
00021495165
78687098120
15148700106
12096865115
36335959291
35107251315
18594085168
15006590106
69308110178
83901175172
97920142172
01483688160
26840901300
60322853168
56397216187
57509026172
48842320110
80619959134
32005059820
26735008200
24575992100
22423257104
00169467155
23853581153
16899873249
90128001100
14412241149
39067084468
26649411191
22197141104
38548992115
06368538619
02282428196
01220625159
89722787187
25509489391
84676906153
66644577172
00508518105
70240973453
49016369368
53969669120
73500046134
36927040110
09782362115
61311782168
05972213168
56333307149
00747291446
40033570191
25207623818
22518878149
76230368153
90046463100
54007194149
33505284149
43441696549
71850953104
07458946156
25934244191
31368999115
18648312191
22706640430
90044975104
08708240159
46262270159
00050335197
89973704134
26645041187
81851855149
76342410100
00841152110
55362729187
38106817415
85232211153
14641569134
32491042134
18135030363
83828869149
57333157172
60207825149
44456956100
85424277187
87733960100
33305242272
33849471772
56117205368
71924280191
07699522168
92832512100
69134413120
87954303349
66659191100
98469070100
18365655349
39847993149
14577968134
13775421300
31630995134
51681560100
28954947115
37310666100
51251485120
63607972168
69454949187
46279253104
31337538191
00065107101
62221485572
30292484020
07297009172
03691426166
17978556115
27113396100
40316084387
99835320187
72059729300
49062263100
81877617172
14433737100
11216344353
86115723191
18482279149
02367405123
57948453172
24850519172
60704179172
02913798187
52750043115
03757878108
85251461100
70230769136
25963643104
48832065134
71718290144
80586708120
46184945149
00416750109
47009012334
46194649100
52750337100
18498698120
60317272187
28181077172
41648056172
45690022500
91363390597
82675163104
36478865134
01976554160
06332397802
28016734120
83028528134
37284100125
11936584115
64510026153
60805404791
00481791167
95402640149
56378530297
35838949104
00286049112
69446083168
11999659104
81968248153
79728405553
88074242153
85862045104
98034251100
84064277872
66550084172
20653344368
82163448134
53991664100
12505250120
57962154187
82304769187
95175628615
22141804191
61948721104
98680536172
32486669191
00944639135
42837790320
24008648100
79695027920
02335055127
02955137138
00044863152
33981981120
34310452191
92405290120
92405290120
77458443120
85323993120
64921581134
41687175187
01141419165
22242074253
14490560168
71580662315
18260403153
28016734120
28016734120
02927368430
18376380125
46242414104
